0.9 0.91999996 0.87 0.91999996 0.89 0.94 0.95 0.98999995 0.95 0.98999995 0.9777778 0.97999996 0.95 0.96999997 0.98999995 1.0 0.97999996 0.96 0.96999997 0.93 0.97999996 0.96 0.96999997 0.96999997 0.90999997 0.97999996 0.94 0.96 0.96999997 0.94 0.94 0.96 1.0 0.98999995 0.95 0.89 0.89 0.9 0.87 0.85999995 0.84999996 0.77 0.78 0.75 0.69 0.72999996 0.77 0.75 0.78 0.81 0.78999996 0.84 0.84 0.84 0.83 0.87 0.82 0.89 0.84 0.9 0.93 0.94 0.95 0.76 0.94 0.89 0.94 0.96 0.82 0.82 0.90999997 0.89 0.93 0.89 0.87 0.8636364 0.93 0.9 0.90999997 0.93
0.95 0.94 0.88 0.96 0.95 0.98999995 0.94 0.96999997 0.96 0.96 1.0 0.96 0.94 0.97999996 0.96999997 0.98999995 0.98999995 0.96999997 0.96999997 0.96999997 0.95 0.98999995 1.0 0.96 0.95 0.93 0.93 0.89 0.94 0.93 0.97999996 0.96999997 0.96999997 0.96 0.96999997 0.91999996 0.90999997 0.85999995 0.9 0.87 0.81 0.75 0.74 0.75 0.84999996 0.71999997 0.76 0.71 0.71999997 0.76 0.76 0.82 0.81 0.78 0.84 0.87 0.85999995 0.83 0.9 0.90999997 0.94 0.93 0.88 0.89 0.84 0.89 0.94 0.90999997 0.82 0.83 0.9 0.93 0.81 0.9 0.85999995 0.90909094 0.94 0.93 0.91999996 0.96
0.91999996 0.89 0.9 0.93 0.91999996 0.98999995 0.94 0.95 0.96 0.96999997 0.9777778 0.94 0.95 0.9 0.97999996 1.0 1.0 0.98999995 0.94 0.9 0.96 0.90999997 0.97999996 0.94 0.97999996 0.91999996 0.87 0.90999997 0.94 0.94 0.96 0.97999996 0.98999995 0.96999997 0.96 0.95 0.96999997 0.87 0.9 0.89 0.82 0.74 0.78999996 0.78 0.65999997 0.78 0.7 0.72999996 0.75 0.76 0.77 0.89 0.84999996 0.76 0.81 0.75 0.76 0.83 0.87 0.89 0.9 0.95 0.91999996 0.84999996 0.9 0.81 0.96 0.89 0.87 0.87 0.85999995 0.85999995 0.94 0.87 0.83 0.8636364 0.94 0.83 0.89 0.91999996
0.90999997 0.95 0.91999996 0.91999996 0.96999997 0.96999997 0.91999996 0.96999997 0.96999997 0.96999997 0.9777778 0.93 0.96999997 0.96999997 0.96999997 1.0 0.98999995 0.97999996 0.96 0.90999997 0.97999996 0.96999997 0.91999996 0.98999995 0.91999996 0.93 0.96 0.89 0.96999997 0.96999997 0.96999997 1.0 0.98999995 0.96999997 0.96999997 0.90999997 0.91999996 0.93 0.9 0.83 0.84999996 0.74 0.83 0.84 0.62 0.68 0.69 0.72999996 0.74 0.83 0.75 0.84999996 0.81 0.83 0.88 0.78 0.84999996 0.85999995 0.85999995 0.88 0.88 0.91999996 0.90999997 0.85999995 0.91999996 0.94 0.96 0.95 0.81 0.88 0.89 0.9 0.88 0.84999996 0.9 0.7727273 0.89 0.9 0.9 0.97999996
0.81 0.91999996 0.87 0.96999997 0.90999997 0.97999996 0.93 0.9 1.0 0.96999997 0.9777778 0.96 0.97999996 0.97999996 1.0 0.98999995 0.97999996 0.97999996 0.95 0.94 0.98999995 0.93 0.97999996 0.90999997 0.9 0.91999996 0.97999996 0.90999997 0.96 0.98999995 0.98999995 0.95 0.97999996 0.97999996 0.94 0.91999996 0.85999995 0.91999996 0.96 0.90999997 0.90999997 0.76 0.71999997 0.74 0.71 0.77 0.71 0.83 0.78 0.71999997 0.78999996 0.85999995 0.82 0.79999995 0.78 0.81 0.68 0.9 0.83 0.85999995 0.81 0.90999997 0.94 0.88 0.93 0.93 0.95 0.95 0.87 0.89 0.81 0.90999997 0.96999997 0.96 0.9 0.6818182 0.94 0.95 0.94 0.87
0.94 0.91999996 0.9 0.94 0.9 0.9 0.85999995 0.97999996 0.96 0.96 1.0 0.96999997 0.97999996 0.90999997 0.96999997 1.0 1.0 0.98999995 0.95 0.93 0.96 0.96999997 0.93 0.94 0.91999996 0.97999996 0.95 0.90999997 0.96 0.94 0.96 0.94 0.98999995 0.97999996 0.96999997 0.93 0.94 0.89 0.91999996 0.93 0.84999996 0.79999995 0.76 0.72999996 0.77 0.78 0.61 0.78 0.79999995 0.7 0.75 0.9 0.83 0.83 0.71 0.81 0.78 0.84999996 0.91999996 0.88 0.90999997 0.96999997 0.93 0.91999996 0.93 0.9 0.88 0.88 0.9 0.88 0.93 0.91999996 0.85999995 0.88 0.87 0.8636364 0.94 0.9 0.91999996 0.89
0.9 0.88 0.90999997 0.94 0.96 0.96999997 0.96 0.96 0.98999995 0.96 1.0 0.96 0.94 0.97999996 0.97999996 1.0 0.97999996 0.98999995 0.96999997 0.95 0.96999997 0.91999996 0.96999997 0.95 0.96 0.96 0.95 0.85999995 0.97999996 0.96999997 0.96999997 0.96 0.94 0.96999997 0.96999997 0.88 0.90999997 0.89 0.83 0.84999996 0.9 0.7 0.78 0.83 0.71 0.71999997 0.77 0.74 0.71 0.84999996 0.78 0.78999996 0.77 0.79999995 0.82 0.71999997 0.85999995 0.84999996 0.83 0.84 0.91999996 0.91999996 0.95 0.83 0.96 0.87 0.95 0.90999997 0.81 0.87 0.94 0.95 0.87 0.90999997 0.84999996 0.8636364 0.97999996 0.85999995 0.9 0.87
0.93 0.96 0.83 0.95 0.89 0.95 0.95 0.97999996 0.96999997 0.97999996 0.95555556 0.91999996 0.96999997 0.95 0.98999995 1.0 0.98999995 0.94 0.96999997 0.94 0.96999997 0.94 0.96 0.96 0.95 0.90999997 0.96999997 0.90999997 0.95 0.96 0.95 0.95 0.97999996 0.96999997 0.95 0.95 0.9 0.85999995 0.91999996 0.84 0.88 0.79999995 0.74 0.7 0.68 0.75 0.68 0.77 0.79999995 0.81 0.78 0.84 0.79999995 0.78999996 0.85999995 0.75 0.78999996 0.87 0.85999995 0.88 0.87 0.94 0.91999996 0.9 0.95 0.88 0.96 0.96 0.84999996 0.78999996 0.88 0.88 0.90999997 0.87 0.90999997 0.9545455 0.9 0.96 0.93 0.9
0.91999996 0.95 0.90999997 0.95 0.96999997 0.97999996 0.93 0.97999996 0.95 0.95 1.0 0.97999996 0.93 0.94 0.98999995 0.98999995 0.98999995 0.97999996 0.90999997 0.96 0.98999995 0.96 0.96999997 0.96 0.96999997 0.95 0.94 0.94 0.95 0.95 0.97999996 0.98999995 0.95 0.96999997 0.98999995 0.91999996 0.94 0.91999996 0.90999997 0.94 0.9 0.76 0.71999997 0.77 0.69 0.7 0.69 0.74 0.74 0.84 0.76 0.85999995 0.82 0.83 0.81 0.79999995 0.83 0.83 0.82 0.91999996 0.93 0.96 0.95 0.9 0.95 0.93 0.93 0.91999996 0.87 0.81 0.93 0.94 0.85999995 0.85999995 0.88 1.0 0.88 0.78999996 0.9 0.95
0.95 0.91999996 0.89 0.96 0.9 0.96999997 0.91999996 0.98999995 0.96999997 0.91999996 1.0 0.96 0.95 0.97999996 1.0 0.98999995 0.98999995 1.0 0.94 0.90999997 0.98999995 0.94 0.94 0.96999997 0.91999996 0.9 0.96 0.9 0.94 0.91999996 0.97999996 0.95 0.96999997 0.95 0.96 0.93 0.95 0.89 0.9 0.9 0.87 0.75 0.72999996 0.66999996 0.68 0.7 0.77 0.78 0.77 0.77 0.69 0.75 0.83 0.78 0.83 0.78 0.79999995 0.79999995 0.82 0.76 0.87 0.85999995 0.89 0.85999995 0.90999997 0.89 0.89 0.94 0.85999995 0.81 0.88 0.91999996 0.9 0.89 0.84999996 0.9545455 0.9 0.87 0.95 0.84
