0.87 0.87 0.84 0.88 0.88 0.91999996 0.88 0.91999996 0.93 0.95 0.9777778 0.95 0.85999995 0.89 0.95 1.0 0.95 0.94 0.94 0.95 1.0 0.90999997 0.95 0.91999996 0.95 0.91999996 0.84999996 0.90999997 0.97999996 0.90999997 0.89 0.96999997 0.97999996 0.95 0.96999997 0.89 0.89 0.9 0.71999997 0.79999995 0.83 0.74 0.72999996 0.68 0.62 0.64 0.56 0.71999997 0.71999997 0.62 0.64 0.72999996 0.74 0.72999996 0.78999996 0.78999996 0.74 0.88 0.71 0.89 0.91999996 0.93 0.94 0.77 0.9 0.9 0.95 0.94 0.79999995 0.87 0.89 0.84 0.89 0.81 0.74 0.72727275 0.89 0.83 0.87 0.79999995
0.93 0.9 0.91999996 0.93 0.90999997 0.95 0.90999997 0.95 0.94 0.91999996 1.0 0.94 0.85999995 0.95 0.95 0.96 0.96 0.95 0.95 0.95 0.97999996 0.95 1.0 0.91999996 0.94 0.84999996 0.93 0.84999996 0.90999997 0.91999996 0.97999996 0.95 0.98999995 0.89 0.96999997 0.89 0.88 0.84999996 0.89 0.79999995 0.82 0.68 0.74 0.63 0.68 0.82 0.65 0.59999996 0.71999997 0.58 0.7 0.76 0.64 0.68 0.65999997 0.77 0.71999997 0.79999995 0.84 0.84 0.84999996 0.91999996 0.91999996 0.87 0.85999995 0.84 0.93 0.89 0.76 0.79999995 0.85999995 0.88 0.88 0.74 0.75 0.7727273 0.78 0.83 0.84 0.84
0.84999996 0.84999996 0.90999997 0.88 0.9 0.95 0.91999996 0.88 0.95 0.95 1.0 0.93 0.9 0.91999996 0.94 0.97999996 0.97999996 0.97999996 0.95 0.9 0.97999996 0.95 0.98999995 0.94 0.95 0.90999997 0.88 0.89 0.93 0.96 0.94 0.94 1.0 0.96 0.93 0.91999996 0.94 0.89 0.87 0.89 0.88 0.65 0.76 0.71 0.69 0.68 0.61 0.76 0.57 0.64 0.63 0.71999997 0.77 0.66999996 0.74 0.74 0.76 0.77 0.78 0.85999995 0.87 0.90999997 0.90999997 0.82 0.96 0.84999996 0.95 0.88 0.84999996 0.78999996 0.88 0.85999995 0.87 0.79999995 0.76 0.8636364 0.9 0.87 0.89 0.90999997
0.76 0.75 0.94 0.88 0.84 0.90999997 0.81 0.91999996 0.90999997 0.91999996 0.95555556 0.87 0.84999996 0.91999996 0.89 1.0 0.94 0.97999996 0.94 0.93 0.96 0.93 0.95 0.97999996 0.9 0.93 0.94 0.85999995 0.96 0.96999997 0.9 0.97999996 0.97999996 0.96 0.93 0.89 0.84999996 0.87 0.75 0.71999997 0.76 0.53999996 0.71999997 0.65 0.52 0.58 0.64 0.71 0.69 0.65999997 0.72999996 0.62 0.68 0.71999997 0.77 0.71 0.71 0.81 0.79999995 0.83 0.84 0.84999996 0.89 0.81 0.9 0.89 0.90999997 0.89 0.74 0.78999996 0.87 0.81 0.84 0.75 0.7 0.6818182 0.83 0.84 0.87 0.90999997
0.74 0.87 0.87 0.89 0.89 0.96999997 0.88 0.84 0.95 0.90999997 1.0 0.94 0.94 0.97999996 0.97999996 0.98999995 0.95 0.98999995 0.96 0.95 0.98999995 0.94 0.97999996 0.88 0.88 0.89 0.88 0.88 0.9 0.91999996 0.91999996 0.96 0.97999996 0.96 0.91999996 0.87 0.84999996 0.84 0.77 0.85999995 0.84999996 0.64 0.71 0.74 0.52 0.64 0.61 0.68 0.76 0.66999996 0.69 0.64 0.72999996 0.59999996 0.72999996 0.74 0.68 0.81 0.84999996 0.84 0.79999995 0.88 0.9 0.79999995 0.87 0.88 0.9 0.91999996 0.78999996 0.81 0.83 0.84 0.93 0.87 0.75 0.72727275 0.85999995 0.85999995 0.90999997 0.83
0.88 0.91999996 0.93 0.90999997 0.90999997 0.79999995 0.82 0.96999997 0.91999996 0.93 1.0 0.91999996 0.90999997 0.89 0.93 0.96999997 0.96 0.97999996 0.95 0.96 0.97999996 0.96 0.96 0.88 0.91999996 0.91999996 0.90999997 0.91999996 0.96999997 0.91999996 0.95 0.97999996 0.98999995 0.95 0.91999996 0.9 0.91999996 0.89 0.91999996 0.85999995 0.84 0.66999996 0.71999997 0.62 0.59 0.76 0.53 0.74 0.75 0.56 0.62 0.83 0.63 0.65 0.72999996 0.75 0.72999996 0.77 0.83 0.81 0.91999996 0.87 0.88 0.83 0.88 0.88 0.91999996 0.91999996 0.84 0.78999996 0.88 0.9 0.87 0.84999996 0.81 0.9545455 0.9 0.87 0.9 0.88
0.94 0.94 0.89 0.87 0.9 0.95 0.93 0.89 0.98999995 0.93 1.0 0.90999997 0.89 0.91999996 0.95 0.97999996 0.96 0.98999995 0.97999996 0.90999997 0.97999996 0.93 0.96999997 0.95 0.97999996 0.89 0.96999997 0.87 0.96999997 0.94 0.96999997 0.96999997 0.97999996 0.98999995 0.94 0.94 0.84 0.84 0.84999996 0.83 0.87 0.71999997 0.75 0.71999997 0.64 0.64 0.74 0.65 0.61 0.64 0.71999997 0.66999996 0.66999996 0.66999996 0.7 0.78 0.77 0.84 0.79999995 0.78999996 0.84999996 0.87 0.89 0.76 0.87 0.85999995 0.93 0.89 0.78999996 0.81 0.84999996 0.87 0.89 0.82 0.76 0.7727273 0.89 0.83 0.84999996 0.90999997
0.90999997 0.96 0.9 0.93 0.85999995 0.91999996 0.9 0.93 0.93 0.94 0.9777778 0.94 0.87 0.91999996 0.96 1.0 0.97999996 0.91999996 0.91999996 0.91999996 0.96999997 0.9 0.96999997 0.94 0.96999997 0.79999995 0.95 0.89 0.90999997 0.90999997 0.91999996 0.96999997 0.97999996 0.95 0.91999996 0.91999996 0.89 0.85999995 0.85999995 0.74 0.84 0.72999996 0.76 0.58 0.62 0.68 0.63 0.64 0.71999997 0.72999996 0.68 0.75 0.74 0.68 0.78999996 0.71999997 0.68 0.84 0.87 0.84999996 0.82 0.87 0.91999996 0.83 0.93 0.83 0.90999997 0.91999996 0.81 0.84999996 0.77 0.82 0.84999996 0.91999996 0.78 0.8181819 0.84 0.94 0.90999997 0.87
0.9 0.93 0.82 0.9 0.95 0.91999996 0.88 0.95 0.96999997 0.90999997 1.0 0.96 0.87 0.91999996 0.96999997 0.98999995 0.96 0.96 0.91999996 0.96 0.97999996 0.89 0.96 0.96999997 0.88 0.89 0.84999996 0.91999996 0.93 0.96999997 0.94 0.98999995 0.98999995 0.95 0.96999997 0.88 0.94 0.87 0.85999995 0.83 0.84999996 0.7 0.71 0.76 0.58 0.7 0.53 0.71 0.71 0.65999997 0.66999996 0.78999996 0.75 0.68 0.77 0.71999997 0.72999996 0.75 0.75 0.87 0.85999995 0.84999996 0.94 0.88 0.90999997 0.9 0.91999996 0.89 0.88 0.61 0.90999997 0.9 0.9 0.79999995 0.77 0.8636364 0.84999996 0.78 0.83 0.91999996
0.94 0.90999997 0.89 0.87 0.88 0.90999997 0.83 0.97999996 0.94 0.9 0.95555556 0.91999996 0.81 0.96999997 0.96999997 0.98999995 0.94 0.95 0.91999996 0.94 0.98999995 0.90999997 0.96 0.91999996 0.91999996 0.9 0.95 0.87 0.88 0.95 0.96999997 0.96999997 0.97999996 0.94 0.94 0.9 0.88 0.84999996 0.78999996 0.65999997 0.81 0.7 0.64 0.64 0.59999996 0.61 0.65999997 0.81 0.65999997 0.66999996 0.77 0.71999997 0.65999997 0.65999997 0.66999996 0.68 0.68 0.78999996 0.81 0.78999996 0.84999996 0.85999995 0.91999996 0.83 0.87 0.85999995 0.84999996 0.90999997 0.85999995 0.78999996 0.88 0.84999996 0.90999997 0.85999995 0.72999996 0.72727275 0.82 0.85999995 0.89 0.82
