0.91999996 0.87 0.84999996 0.84999996 0.74 0.88 0.85999995 0.84 0.84 0.84999996 0.8888889 0.82 0.76 0.76 0.9 0.90999997 0.78999996 0.89 0.90999997 0.9 0.93 0.93 0.95 0.95 0.95 0.89 0.84999996 0.88 0.94 0.90999997 0.94 0.95 0.9 0.95 0.84 0.78 0.59999996 0.66999996 0.64 0.65999997 0.58 0.59 0.53 0.53999996 0.53 0.57 0.48999998 0.56 0.65999997 0.48 0.61 0.59999996 0.53999996 0.56 0.59999996 0.7 0.59999996 0.65 0.7 0.62 0.62 0.7 0.56 0.77 0.66999996 0.69 0.69 0.59999996 0.53999996 0.59 0.69 0.65999997 0.52 0.61 0.62 0.6363636 0.63 0.69 0.58 0.7
0.96 0.88 0.84999996 0.84999996 0.78999996 0.93 0.83 0.84 0.87 0.81 0.84444445 0.76 0.77 0.76 0.76 0.84 0.82 0.87 0.91999996 0.90999997 0.94 0.93 0.96999997 0.91999996 0.90999997 0.84 0.91999996 0.85999995 0.87 0.89 0.96 0.93 0.96999997 0.90999997 0.95 0.79999995 0.75 0.71 0.74 0.72999996 0.61 0.53999996 0.56 0.51 0.53999996 0.59999996 0.53 0.56 0.61 0.48999998 0.58 0.53 0.55 0.59 0.58 0.65999997 0.61 0.63 0.71999997 0.61 0.57 0.69 0.66999996 0.69 0.62 0.69 0.68 0.7 0.62 0.58 0.79999995 0.76 0.72999996 0.65999997 0.59 0.7727273 0.62 0.64 0.62 0.7
0.88 0.81 0.89 0.87 0.78 0.90999997 0.91999996 0.83 0.93 0.87 0.84444445 0.84 0.71999997 0.82 0.84 0.91999996 0.84 0.93 0.88 0.87 0.93 0.91999996 0.96 0.96 0.95 0.89 0.89 0.81 0.89 0.94 0.91999996 0.95 0.88 0.89 0.81 0.65 0.71 0.65 0.62 0.71 0.64 0.53 0.53 0.53 0.45999998 0.56 0.58 0.55 0.55 0.56 0.59 0.51 0.58 0.59999996 0.48999998 0.61 0.59 0.53999996 0.72999996 0.53999996 0.61 0.65999997 0.53 0.71 0.7 0.56 0.76 0.53999996 0.59999996 0.63 0.72999996 0.68 0.68 0.59999996 0.59999996 0.6363636 0.63 0.59999996 0.66999996 0.65
0.59 0.42999998 0.42 0.42 0.39 0.45999998 0.45999998 0.38 0.35999998 0.48999998 0.44444445 0.47 0.45 0.45999998 0.45999998 0.48 0.56 0.66999996 0.65999997 0.65 0.69 0.72999996 0.77 0.69 0.57 0.59999996 0.62 0.63 0.55 0.59999996 0.7 0.71999997 0.87 0.78999996 0.87 0.91999996 0.72999996 0.76 0.63 0.63 0.64 0.45 0.63 0.48999998 0.44 0.48 0.52 0.55 0.59999996 0.48999998 0.65 0.58 0.58 0.66999996 0.64 0.71999997 0.65 0.77 0.71999997 0.71 0.72999996 0.66999996 0.68 0.69 0.69 0.71 0.62 0.63 0.69 0.57 0.45 0.62 0.55 0.57 0.56 0.5909091 0.53 0.65999997 0.68 0.7
0.90999997 0.89 0.89 0.88 0.77 0.93 0.85999995 0.85999995 0.88 0.87 0.9111111 0.78 0.78999996 0.84999996 0.84 0.89 0.84999996 0.9 0.84999996 0.9 0.98999995 0.93 0.96 0.90999997 0.90999997 0.87 0.89 0.83 0.87 0.95 0.91999996 0.94 0.91999996 0.94 0.85999995 0.71999997 0.72999996 0.61 0.61 0.68 0.58 0.5 0.53999996 0.59999996 0.56 0.52 0.52 0.57 0.57 0.47 0.59 0.55 0.48 0.61 0.58 0.59 0.59999996 0.59 0.63 0.53999996 0.57 0.64 0.53999996 0.71 0.59 0.61 0.68 0.68 0.61 0.63 0.76 0.72999996 0.58 0.63 0.65999997 0.5 0.65999997 0.65999997 0.72999996 0.7
0.94 0.79999995 0.79999995 0.82 0.65 0.82 0.7 0.77 0.7 0.62 0.73333335 0.62 0.65 0.66999996 0.7 0.81 0.76 0.84999996 0.88 0.83 0.94 0.96 0.90999997 0.87 0.88 0.85999995 0.89 0.78999996 0.93 0.85999995 0.85999995 0.88 0.94 0.91999996 0.87 0.85999995 0.81 0.74 0.71999997 0.7 0.72999996 0.63 0.62 0.59999996 0.61 0.65 0.56 0.61 0.63 0.51 0.53 0.56 0.45999998 0.64 0.62 0.64 0.63 0.65999997 0.78 0.77 0.76 0.71999997 0.65999997 0.79999995 0.77 0.71 0.7 0.71999997 0.71 0.68 0.74 0.75 0.71 0.77 0.78999996 0.7727273 0.74 0.75 0.78 0.71999997
0.87 0.94 0.87 0.90999997 0.87 0.91999996 0.95 0.90999997 0.93 0.9 0.95555556 0.88 0.88 0.9 0.91999996 0.96 0.91999996 0.94 0.85999995 0.90999997 0.85999995 0.84 0.96 0.96999997 0.91999996 0.94 0.96 0.84 0.90999997 0.91999996 0.9 0.94 0.84999996 0.85999995 0.78 0.64 0.56 0.58 0.56 0.65 0.59 0.51 0.48999998 0.5 0.58 0.53 0.62 0.59999996 0.53 0.51 0.56 0.47 0.52 0.59 0.53 0.58 0.63 0.5 0.59 0.51 0.63 0.58 0.45 0.69 0.63 0.63 0.57 0.53999996 0.63 0.55 0.65999997 0.59999996 0.66999996 0.53999996 0.61 0.5 0.59999996 0.56 0.56 0.59
0.87 0.90999997 0.88 0.81 0.82 0.91999996 0.83 0.88 0.87 0.89 0.8888889 0.83 0.69 0.87 0.84999996 0.84 0.88 0.84999996 0.85999995 0.89 0.89 0.9 0.90999997 0.95 0.94 0.85999995 0.95 0.83 0.83 0.91999996 0.9 0.9 0.82 0.90999997 0.78 0.65 0.63 0.65 0.64 0.61 0.53999996 0.58 0.5 0.53 0.53999996 0.58 0.55 0.62 0.55 0.42 0.58 0.47 0.51 0.48999998 0.45 0.62 0.56 0.55 0.59999996 0.62 0.55 0.59 0.45999998 0.66999996 0.57 0.7 0.64 0.62 0.7 0.59 0.66999996 0.59999996 0.55 0.62 0.62 0.5909091 0.7 0.59 0.53999996 0.56
0.95 0.88 0.90999997 0.81 0.77 0.9 0.81 0.89 0.88 0.78999996 0.8888889 0.77 0.71999997 0.72999996 0.89 0.84 0.78999996 0.81 0.9 0.90999997 0.95 0.90999997 0.96999997 0.94 0.95 0.90999997 0.88 0.87 0.93 0.95 0.95 0.97999996 0.91999996 0.96 0.88 0.72999996 0.69 0.74 0.68 0.62 0.59 0.53999996 0.61 0.59 0.52 0.48999998 0.48999998 0.57 0.57 0.47 0.58 0.5 0.5 0.59 0.59999996 0.62 0.63 0.59999996 0.62 0.58 0.57 0.64 0.58 0.74 0.74 0.7 0.69 0.66999996 0.66999996 0.59 0.74 0.66999996 0.62 0.71 0.65999997 0.5909091 0.69 0.62 0.63 0.66999996
0.94 0.88 0.88 0.78999996 0.82 0.88 0.83 0.81 0.84999996 0.77 0.84444445 0.82 0.75 0.84 0.79999995 0.95 0.89 0.87 0.84 0.91999996 0.94 0.95 0.97999996 0.93 0.94 0.88 0.95 0.84 0.84999996 0.93 0.96 0.95 0.91999996 0.89 0.91999996 0.72999996 0.59999996 0.69 0.63 0.66999996 0.56 0.59999996 0.55 0.55 0.51 0.51 0.57 0.58 0.56 0.48 0.51 0.53 0.53 0.56 0.56 0.56 0.57 0.66999996 0.71999997 0.61 0.63 0.63 0.53999996 0.59999996 0.69 0.7 0.65 0.62 0.61 0.68 0.74 0.61 0.57 0.68 0.59 0.6363636 0.65 0.65 0.69 0.59999996
