0.89 0.93 0.78 0.77 0.81 0.79999995 0.76 0.83 0.81 0.78 0.6 0.78 0.72999996 0.84999996 0.96999997 0.83 0.78 0.71999997 0.65999997 0.71 0.78 0.78999996 0.78 0.66999996 0.7 0.59 0.59 0.65999997 0.78 0.68 0.77 0.68 0.75 0.82 0.9 0.57 0.47 0.78 0.64 0.53999996 0.63 0.69 0.57 0.64 0.5 0.64 0.65 0.7 0.53999996 0.55 0.53999996 0.71 0.47 0.48999998 0.61 0.51 0.55 0.65 0.5 0.59999996 0.71999997 0.61 0.71 0.47 0.62 0.56 0.61 0.69 0.62 0.61 0.69 0.53 0.42999998 0.59 0.53 0.5 0.64 0.71 0.75 0.55
0.95 0.85999995 0.83 0.79999995 0.81 0.91999996 0.84 0.83 0.7 0.84999996 0.5777778 0.81 0.78999996 0.78999996 0.95 0.84999996 0.78999996 0.87 0.77 0.78 0.69 0.55 0.78 0.65999997 0.53999996 0.45999998 0.64 0.56 0.63 0.77 0.74 0.85999995 0.71999997 0.77 0.79999995 0.64 0.71999997 0.59 0.65 0.69 0.61 0.53 0.59999996 0.48 0.52 0.5 0.63 0.61 0.53999996 0.53999996 0.56 0.52 0.65999997 0.62 0.52 0.71 0.48999998 0.65999997 0.5 0.71 0.76 0.77 0.62 0.75 0.59 0.69 0.59999996 0.62 0.58 0.59 0.75 0.61 0.51 0.48999998 0.42 0.6363636 0.5 0.45999998 0.61 0.68
0.87 0.83 0.87 0.77 0.94 0.85999995 0.81 0.71 0.82 0.79999995 0.73333335 0.72999996 0.81 0.75 0.9 0.91999996 0.71999997 0.81 0.79999995 0.71999997 0.79999995 0.66999996 0.84 0.78999996 0.63 0.69 0.59 0.68 0.69 0.76 0.68 0.63 0.7 0.74 0.69 0.62 0.59 0.63 0.58 0.63 0.53 0.69 0.63 0.47 0.55 0.58 0.65999997 0.39999998 0.69 0.48999998 0.57 0.56 0.66999996 0.51 0.63 0.63 0.59 0.52 0.51 0.53 0.52 0.71 0.71 0.59999996 0.59999996 0.75 0.71 0.65999997 0.62 0.7 0.7 0.59 0.68 0.55 0.52 0.5 0.51 0.55 0.77 0.76
0.87 0.89 0.88 0.84999996 0.75 0.75 0.57 0.72999996 0.83 0.78999996 0.64444447 0.72999996 0.59999996 0.82 0.84999996 0.85999995 0.71 0.83 0.59 0.84999996 0.71999997 0.7 0.78999996 0.79999995 0.7 0.42999998 0.84 0.55 0.72999996 0.74 0.72999996 0.7 0.81 0.71999997 0.85999995 0.62 0.66999996 0.66999996 0.75 0.53999996 0.62 0.65999997 0.56 0.57 0.39999998 0.53 0.58 0.63 0.64 0.51 0.52 0.65999997 0.64 0.63 0.61 0.45999998 0.53999996 0.53 0.58 0.65999997 0.7 0.68 0.77 0.53 0.74 0.52 0.78 0.78999996 0.64 0.61 0.68 0.47 0.77 0.53 0.69 0.72727275 0.7 0.5 0.68 0.68
0.89 0.87 0.84 0.77 0.82 0.87 0.81 0.78 0.84999996 0.85999995 0.7777778 0.55 0.62 0.78 0.75 0.85999995 0.87 0.71999997 0.69 0.71999997 0.62 0.63 0.79999995 0.66999996 0.64 0.62 0.59 0.7 0.77 0.69 0.64 0.71999997 0.76 0.85999995 0.84999996 0.81 0.66999996 0.69 0.59 0.61 0.51 0.56 0.75 0.58 0.5 0.48999998 0.64 0.61 0.61 0.58 0.53999996 0.65999997 0.65 0.55 0.7 0.53 0.51 0.71 0.65 0.58 0.65 0.45999998 0.71999997 0.63 0.64 0.64 0.83 0.76 0.66999996 0.53 0.65 0.58 0.56 0.77 0.59999996 0.54545456 0.75 0.64 0.47 0.58
0.84999996 0.88 0.84999996 0.83 0.82 0.76 0.59 0.76 0.78 0.68 0.6888889 0.76 0.78 0.71999997 0.74 0.85999995 0.72999996 0.98999995 0.59999996 0.77 0.65999997 0.71 0.74 0.74 0.71 0.71999997 0.68 0.65999997 0.7 0.65 0.63 0.68 0.83 0.78 0.84 0.72999996 0.74 0.52 0.75 0.63 0.53 0.56 0.66999996 0.64 0.64 0.65 0.48999998 0.52 0.56 0.57 0.53 0.7 0.65 0.51 0.7 0.5 0.51 0.48999998 0.53999996 0.58 0.59 0.68 0.58 0.58 0.66999996 0.72999996 0.64 0.7 0.63 0.45999998 0.66999996 0.68 0.59 0.62 0.63 0.54545456 0.61 0.63 0.66999996 0.52
0.91999996 0.82 0.79999995 0.88 0.78 0.78999996 0.78999996 0.71999997 0.64 0.85999995 0.82222223 0.81 0.88 0.76 0.84 0.79999995 0.77 0.64 0.7 0.7 0.88 0.53999996 0.82 0.79999995 0.65999997 0.53999996 0.71999997 0.65 0.7 0.76 0.66999996 0.75 0.79999995 0.61 0.77 0.85999995 0.58 0.59 0.57 0.62 0.66999996 0.58 0.63 0.66999996 0.58 0.56 0.48 0.61 0.53 0.59 0.62 0.57 0.61 0.56 0.5 0.64 0.64 0.65999997 0.61 0.53999996 0.61 0.61 0.77 0.58 0.59 0.63 0.53 0.65999997 0.62 0.7 0.66999996 0.48999998 0.62 0.53999996 0.51 0.54545456 0.52 0.75 0.7 0.69
0.85999995 0.91999996 0.87 0.78 0.76 0.65 0.82 0.76 0.74 0.76 0.6888889 0.82 0.72999996 0.74 0.94 0.78 0.84 0.68 0.71999997 0.65 0.77 0.62 0.76 0.79999995 0.77 0.52 0.5 0.45999998 0.72999996 0.58 0.69 0.45 0.74 0.76 0.82 0.78 0.57 0.65 0.72999996 0.68 0.65 0.74 0.63 0.45999998 0.68 0.35999998 0.45999998 0.47 0.51 0.65999997 0.45999998 0.74 0.48999998 0.42 0.53999996 0.7 0.48999998 0.53 0.53999996 0.65 0.62 0.53 0.61 0.51 0.56 0.7 0.83 0.71 0.61 0.47 0.63 0.69 0.77 0.61 0.59999996 0.40909094 0.66999996 0.53999996 0.42999998 0.48999998
0.90999997 0.90999997 0.85999995 0.84 0.74 0.88 0.79999995 0.81 0.75 0.74 0.7111111 0.71 0.78999996 0.76 0.71 0.84999996 0.7 0.85999995 0.90999997 0.82 0.76 0.66999996 0.71999997 0.78 0.7 0.63 0.62 0.69 0.65999997 0.76 0.7 0.84 0.79999995 0.78 0.79999995 0.48999998 0.77 0.65999997 0.71999997 0.58 0.72999996 0.45999998 0.56 0.69 0.53999996 0.59999996 0.55 0.61 0.48999998 0.51 0.55 0.61 0.56 0.56 0.57 0.55 0.71 0.62 0.48999998 0.52 0.69 0.65 0.7 0.58 0.75 0.65999997 0.77 0.69 0.66999996 0.57 0.61 0.7 0.72999996 0.61 0.48999998 0.45454547 0.47 0.64 0.45 0.55
0.87 0.82 0.78 0.78 0.79999995 0.66999996 0.66999996 0.91999996 0.82 0.7 0.73333335 0.78999996 0.71 0.81 0.77 0.88 0.84 0.87 0.78999996 0.69 0.69 0.78999996 0.65 0.61 0.74 0.65 0.71999997 0.53999996 0.69 0.58 0.81 0.85999995 0.89 0.76 0.72999996 0.65999997 0.65 0.57 0.68 0.52 0.57 0.64 0.5 0.56 0.42999998 0.56 0.59 0.59 0.58 0.56 0.51 0.71 0.55 0.61 0.62 0.66999996 0.65 0.7 0.59 0.53 0.65 0.77 0.56 0.59 0.62 0.47 0.72999996 0.51 0.65 0.35 0.68 0.52 0.62 0.68 0.63 0.6818182 0.72999996 0.66999996 0.69 0.62
