0.96 0.89 0.84999996 0.84999996 0.78999996 0.94 0.83 0.85999995 0.89 0.82 0.8666667 0.81 0.78999996 0.77 0.79999995 0.88 0.84 0.9 0.93 0.90999997 0.95 0.91999996 0.97999996 0.95 0.93 0.84 0.91999996 0.84999996 0.87 0.9 0.96 0.93 0.97999996 0.90999997 0.97999996 0.84 0.79999995 0.76 0.76 0.75 0.64 0.55 0.56 0.53 0.52 0.59999996 0.53999996 0.58 0.61 0.5 0.58 0.52 0.55 0.59 0.57 0.69 0.59999996 0.65999997 0.77 0.65999997 0.61 0.69 0.68 0.71 0.65 0.71 0.7 0.7 0.63 0.61 0.81 0.74 0.72999996 0.64 0.59 0.7727273 0.65999997 0.66999996 0.65 0.74
0.88 0.84 0.87 0.9 0.81 0.93 0.91999996 0.83 0.94 0.88 0.8888889 0.88 0.74 0.84 0.87 0.95 0.85999995 0.91999996 0.89 0.85999995 0.95 0.93 0.96 0.96 0.95 0.9 0.88 0.84 0.89 0.93 0.90999997 0.96 0.91999996 0.90999997 0.84999996 0.69 0.71999997 0.7 0.65 0.74 0.66999996 0.56 0.57 0.53 0.48 0.58 0.58 0.55 0.55 0.56 0.59 0.52 0.58 0.64 0.51 0.63 0.62 0.56 0.76 0.53 0.65 0.68 0.59 0.76 0.72999996 0.62 0.78 0.63 0.63 0.65999997 0.71999997 0.77 0.7 0.59999996 0.65999997 0.6818182 0.64 0.7 0.68 0.68
0.59999996 0.42999998 0.42999998 0.42 0.39 0.45999998 0.45999998 0.39 0.37 0.48999998 0.46666667 0.47 0.45 0.45999998 0.47 0.5 0.57 0.68 0.65999997 0.66999996 0.69 0.76 0.77 0.71999997 0.61 0.62 0.63 0.64 0.59999996 0.62 0.71 0.76 0.85999995 0.81 0.9 0.90999997 0.74 0.76 0.65999997 0.65 0.65 0.42999998 0.65 0.53 0.45 0.48 0.56 0.55 0.59 0.48999998 0.64 0.57 0.58 0.69 0.65 0.7 0.69 0.78 0.72999996 0.7 0.76 0.69 0.69 0.72999996 0.71 0.74 0.65999997 0.68 0.68 0.65 0.48999998 0.66999996 0.56 0.58 0.59 0.6363636 0.57 0.64 0.68 0.71999997
0.89 0.89 0.87 0.9 0.78 0.94 0.87 0.89 0.9 0.9 0.95555556 0.82 0.81 0.85999995 0.88 0.91999996 0.85999995 0.90999997 0.87 0.90999997 0.98999995 0.91999996 0.96 0.91999996 0.90999997 0.85999995 0.91999996 0.84 0.87 0.96 0.91999996 0.94 0.93 0.93 0.88 0.77 0.75 0.66999996 0.59999996 0.7 0.58 0.44 0.55 0.61 0.53999996 0.52 0.52 0.56 0.58 0.48999998 0.59 0.53999996 0.52 0.63 0.57 0.58 0.61 0.61 0.66999996 0.59 0.61 0.7 0.61 0.71999997 0.61 0.65 0.7 0.76 0.66999996 0.71999997 0.7 0.71999997 0.62 0.71 0.72999996 0.45454547 0.64 0.72999996 0.79999995 0.75
0.95 0.79999995 0.82 0.83 0.65999997 0.84 0.71 0.82 0.74 0.63 0.7777778 0.65 0.65999997 0.71 0.72999996 0.85999995 0.76 0.85999995 0.89 0.88 0.94 0.96 0.90999997 0.88 0.9 0.88 0.90999997 0.83 0.93 0.87 0.87 0.90999997 0.95 0.91999996 0.89 0.87 0.82 0.77 0.75 0.7 0.71999997 0.64 0.62 0.62 0.59 0.64 0.53999996 0.64 0.65 0.51 0.53999996 0.56 0.5 0.64 0.64 0.62 0.66999996 0.71 0.81 0.77 0.77 0.74 0.71 0.82 0.77 0.72999996 0.71999997 0.77 0.71999997 0.68 0.76 0.74 0.7 0.75 0.79999995 0.7727273 0.78 0.76 0.78999996 0.75
0.88 0.94 0.88 0.90999997 0.89 0.91999996 0.94 0.9 0.94 0.90999997 0.9111111 0.89 0.88 0.89 0.91999996 0.96 0.91999996 0.96 0.89 0.90999997 0.89 0.87 0.95 0.96999997 0.91999996 0.96 0.95 0.87 0.93 0.93 0.9 0.96 0.88 0.88 0.78999996 0.7 0.62 0.64 0.59999996 0.66999996 0.59999996 0.51 0.5 0.51 0.59 0.53999996 0.62 0.59999996 0.56 0.52 0.57 0.48 0.52 0.59 0.53 0.61 0.64 0.53 0.59999996 0.52 0.61 0.59 0.48999998 0.7 0.63 0.65 0.64 0.59999996 0.64 0.57 0.66999996 0.62 0.65999997 0.59 0.65999997 0.54545456 0.63 0.59 0.64 0.63
0.88 0.91999996 0.89 0.81 0.82 0.91999996 0.83 0.85999995 0.87 0.9 0.8888889 0.84999996 0.71 0.87 0.85999995 0.87 0.9 0.85999995 0.87 0.91999996 0.91999996 0.90999997 0.94 0.95 0.94 0.85999995 0.91999996 0.84999996 0.84 0.93 0.89 0.91999996 0.84 0.90999997 0.77 0.69 0.66999996 0.66999996 0.68 0.58 0.58 0.56 0.51 0.53999996 0.53999996 0.56 0.56 0.62 0.55 0.44 0.57 0.47 0.5 0.5 0.45999998 0.62 0.58 0.56 0.64 0.62 0.56 0.59 0.47 0.71 0.65 0.74 0.65 0.66999996 0.69 0.63 0.71999997 0.62 0.63 0.65 0.63 0.54545456 0.68 0.59999996 0.57 0.62
0.95 0.88 0.9 0.81 0.78999996 0.9 0.84 0.90999997 0.88 0.81 0.9111111 0.79999995 0.74 0.79999995 0.91999996 0.85999995 0.79999995 0.83 0.87 0.93 0.96 0.90999997 0.96999997 0.96 0.94 0.89 0.9 0.87 0.94 0.95 0.93 0.96 0.96999997 0.96 0.90999997 0.78 0.75 0.74 0.72999996 0.62 0.64 0.55 0.63 0.59 0.52 0.51 0.51 0.58 0.57 0.45999998 0.58 0.48999998 0.5 0.62 0.62 0.63 0.64 0.59999996 0.64 0.63 0.59999996 0.62 0.59 0.76 0.78 0.69 0.7 0.72999996 0.69 0.59999996 0.78999996 0.68 0.66999996 0.71999997 0.65 0.5909091 0.74 0.65 0.7 0.71
0.94 0.88 0.88 0.81 0.83 0.88 0.83 0.84 0.87 0.79999995 0.8888889 0.87 0.78999996 0.83 0.81 0.96 0.9 0.88 0.84999996 0.93 0.94 0.94 0.96999997 0.93 0.94 0.88 0.95 0.84 0.87 0.93 0.95 0.96 0.91999996 0.88 0.90999997 0.79999995 0.64 0.72999996 0.65 0.68 0.58 0.59999996 0.57 0.57 0.5 0.52 0.55 0.57 0.57 0.51 0.51 0.56 0.55 0.56 0.59 0.58 0.57 0.66999996 0.71999997 0.65999997 0.65999997 0.62 0.61 0.7 0.74 0.71999997 0.66999996 0.63 0.61 0.65999997 0.75 0.61 0.61 0.65999997 0.58 0.6363636 0.66999996 0.65999997 0.75 0.63
0.90999997 0.89 0.85999995 0.85999995 0.77 0.90999997 0.85999995 0.88 0.84 0.9 0.8888889 0.83 0.78999996 0.76 0.91999996 0.91999996 0.85999995 0.89 0.9 0.9 0.90999997 0.90999997 0.95 0.95 0.95 0.89 0.85999995 0.89 0.95 0.9 0.9 0.96999997 0.93 0.94 0.89 0.79999995 0.62 0.7 0.62 0.68 0.62 0.59 0.59999996 0.53999996 0.52 0.58 0.52 0.57 0.64 0.48999998 0.62 0.63 0.55 0.57 0.62 0.71 0.65 0.66999996 0.71 0.65 0.69 0.74 0.56 0.75 0.72999996 0.72999996 0.71 0.65 0.59999996 0.64 0.72999996 0.69 0.56 0.63 0.63 0.6363636 0.71 0.74 0.65999997 0.74
