0.90999997 0.94 0.83 0.85999995 0.84 0.90999997 0.83 0.9 0.87 0.89 0.9111111 0.85999995 0.83 0.79999995 0.90999997 0.90999997 0.9 0.90999997 0.88 0.88 0.94 0.88 0.96 0.94 0.91999996 0.88 0.84 0.87 0.94 0.9 0.89 0.96 0.94 0.93 0.91999996 0.81 0.71999997 0.78999996 0.69 0.68 0.69 0.48 0.58 0.53 0.47 0.5 0.47 0.59 0.61 0.42 0.57 0.61 0.58 0.65 0.65 0.71 0.64 0.72999996 0.64 0.68 0.72999996 0.81 0.71 0.68 0.81 0.7 0.72999996 0.68 0.74 0.68 0.71999997 0.68 0.62 0.63 0.63 0.5909091 0.74 0.64 0.74 0.66999996
0.96999997 0.9 0.88 0.90999997 0.93 0.94 0.84999996 0.89 0.94 0.9 0.9111111 0.85999995 0.84999996 0.90999997 0.91999996 0.91999996 0.91999996 0.90999997 0.89 0.89 0.90999997 0.91999996 0.96999997 0.96 0.96 0.79999995 0.9 0.78 0.87 0.89 0.94 0.94 0.95 0.94 0.96 0.89 0.82 0.78 0.77 0.81 0.74 0.52 0.61 0.53999996 0.39999998 0.58 0.48 0.63 0.65999997 0.45 0.58 0.53999996 0.65999997 0.65 0.64 0.68 0.65999997 0.78 0.78 0.78 0.79999995 0.76 0.79999995 0.76 0.65 0.74 0.83 0.68 0.68 0.65 0.81 0.77 0.71999997 0.64 0.65999997 0.5909091 0.78 0.59 0.72999996 0.75
0.89 0.87 0.89 0.90999997 0.94 0.93 0.91999996 0.9 0.93 0.91999996 0.9111111 0.88 0.87 0.82 0.93 0.96999997 0.90999997 0.95 0.91999996 0.83 0.91999996 0.93 0.93 0.90999997 0.90999997 0.85999995 0.89 0.81 0.91999996 0.93 0.88 0.90999997 0.96999997 0.90999997 0.88 0.84999996 0.88 0.76 0.75 0.72999996 0.65 0.51 0.65999997 0.37 0.51 0.62 0.61 0.56 0.56 0.59 0.61 0.72999996 0.59 0.62 0.65999997 0.68 0.71 0.65 0.77 0.76 0.57 0.84999996 0.87 0.72999996 0.77 0.68 0.91999996 0.69 0.79999995 0.65999997 0.83 0.66999996 0.78 0.68 0.53999996 0.8636364 0.83 0.81 0.74 0.81
0.68 0.56 0.53999996 0.47 0.42999998 0.57 0.59 0.48 0.64 0.61 0.62222224 0.64 0.65999997 0.71 0.71 0.82 0.78999996 0.84 0.84999996 0.84 0.9 0.91999996 0.91999996 0.94 0.90999997 0.9 0.91999996 0.75 0.9 0.90999997 0.85999995 0.96999997 0.91999996 0.88 0.90999997 0.90999997 0.77 0.75 0.62 0.64 0.62 0.41 0.61 0.51 0.45 0.53 0.53 0.55 0.51 0.45999998 0.63 0.57 0.62 0.61 0.72999996 0.68 0.66999996 0.77 0.63 0.74 0.77 0.7 0.7 0.69 0.81 0.84 0.72999996 0.72999996 0.62 0.69 0.63 0.56 0.65 0.59 0.63 0.5909091 0.71999997 0.74 0.62 0.7
0.87 0.9 0.88 0.93 0.84 0.96 0.88 0.81 0.93 0.9 0.95555556 0.89 0.78 0.91999996 0.88 0.95 0.89 0.95 0.91999996 0.93 0.98999995 0.9 0.96 0.89 0.87 0.88 0.91999996 0.85999995 0.85999995 0.9 0.93 0.93 0.97999996 0.88 0.9 0.89 0.68 0.72999996 0.65999997 0.72999996 0.75 0.56 0.64 0.63 0.41 0.59999996 0.53999996 0.51 0.71999997 0.5 0.59999996 0.59999996 0.63 0.53999996 0.69 0.66999996 0.65 0.78999996 0.68 0.65999997 0.7 0.78 0.71999997 0.77 0.78 0.7 0.77 0.78999996 0.59999996 0.65999997 0.59999996 0.62 0.61 0.64 0.65 0.36363637 0.7 0.83 0.71999997 0.65
0.93 0.87 0.90999997 0.90999997 0.82 0.91999996 0.84 0.95 0.84999996 0.93 0.95555556 0.89 0.83 0.82 0.84 0.94 0.9 0.94 0.87 0.78999996 0.94 0.96 0.93 0.84999996 0.87 0.87 0.93 0.81 0.89 0.89 0.90999997 0.96999997 0.91999996 0.85999995 0.91999996 0.76 0.72999996 0.82 0.74 0.75 0.72999996 0.64 0.71999997 0.55 0.53 0.72999996 0.53 0.65999997 0.63 0.55 0.59 0.65999997 0.56 0.52 0.66999996 0.65 0.75 0.71999997 0.78 0.63 0.79999995 0.78 0.83 0.83 0.71999997 0.75 0.68 0.82 0.65 0.64 0.66999996 0.77 0.55 0.7 0.69 0.6818182 0.63 0.69 0.59 0.76
0.91999996 0.90999997 0.88 0.91999996 0.89 0.91999996 0.93 0.87 0.93 0.90999997 0.95555556 0.88 0.91999996 0.89 0.89 0.96999997 0.94 0.95 0.85999995 0.91999996 0.96 0.89 0.89 0.95 0.95 0.9 0.89 0.83 0.85999995 0.9 0.93 0.91999996 0.94 0.91999996 0.93 0.88 0.77 0.76 0.69 0.68 0.64 0.45 0.61 0.56 0.58 0.58 0.51 0.61 0.63 0.56 0.65 0.62 0.59999996 0.57 0.66999996 0.71 0.71 0.71999997 0.75 0.65 0.7 0.69 0.77 0.65999997 0.78 0.72999996 0.79999995 0.69 0.66999996 0.74 0.63 0.65 0.62 0.63 0.55 0.5909091 0.62 0.65999997 0.71 0.78999996
0.89 0.94 0.89 0.84 0.84 0.91999996 0.89 0.87 0.88 0.9 0.9111111 0.89 0.77 0.87 0.89 0.90999997 0.89 0.9 0.83 0.89 0.90999997 0.91999996 0.94 0.94 0.94 0.90999997 0.9 0.84 0.84 0.94 0.9 0.95 0.91999996 0.94 0.85999995 0.91999996 0.76 0.71999997 0.78999996 0.63 0.74 0.56 0.65 0.51 0.45 0.55 0.52 0.59999996 0.64 0.5 0.61 0.62 0.51 0.48 0.61 0.71 0.77 0.68 0.65999997 0.68 0.65 0.71 0.77 0.65 0.79999995 0.71 0.74 0.74 0.71999997 0.61 0.57 0.72999996 0.69 0.64 0.64 0.6363636 0.37 0.64 0.7 0.78
0.94 0.93 0.91999996 0.90999997 0.87 0.90999997 0.88 0.96 0.87 0.87 0.9111111 0.93 0.81 0.85999995 0.95 0.96 0.88 0.9 0.84999996 0.91999996 0.96999997 0.91999996 0.96 0.91999996 0.94 0.89 0.87 0.83 0.93 0.94 0.85999995 0.95 0.96999997 0.88 0.89 0.78999996 0.89 0.85999995 0.74 0.62 0.71999997 0.57 0.61 0.69 0.53999996 0.48999998 0.58 0.68 0.52 0.62 0.64 0.66999996 0.55 0.65999997 0.65 0.65999997 0.68 0.65 0.68 0.76 0.71999997 0.68 0.65 0.7 0.82 0.74 0.82 0.82 0.75 0.59 0.71 0.59 0.69 0.65999997 0.69 0.5 0.42 0.55 0.69 0.72999996
0.94 0.90999997 0.9 0.87 0.88 0.90999997 0.84 0.94 0.91999996 0.89 0.93333334 0.89 0.77 0.91999996 0.90999997 0.98999995 0.9 0.90999997 0.84999996 0.94 0.96 0.88 0.9 0.94 0.90999997 0.84999996 0.96999997 0.78 0.85999995 0.9 0.88 0.95 0.97999996 0.88 0.95 0.82 0.71999997 0.78 0.61 0.58 0.71 0.7 0.68 0.64 0.51 0.48999998 0.63 0.56 0.59999996 0.45 0.55 0.63 0.57 0.58 0.62 0.66999996 0.68 0.55 0.74 0.69 0.71999997 0.7 0.71999997 0.75 0.75 0.72999996 0.68 0.61 0.65999997 0.59999996 0.77 0.66999996 0.69 0.71 0.69 0.6818182 0.63 0.72999996 0.72999996 0.62
