0.84999996 0.78999996 0.59999996 0.77 0.7 0.74 0.59999996 0.78999996 0.7 0.65999997 0.62222224 0.63 0.71 0.61 0.85999995 0.78999996 0.63 0.78999996 0.56 0.7 0.78 0.7 0.76 0.62 0.58 0.63 0.55 0.65 0.74 0.56 0.61 0.79999995 0.84 0.83 0.69 0.66999996 0.68 0.52 0.58 0.71999997 0.59999996 0.62 0.47 0.48999998 0.47 0.44 0.56 0.64 0.55 0.42999998 0.48 0.61 0.59999996 0.55 0.72999996 0.57 0.58 0.59 0.62 0.61 0.53 0.65999997 0.69 0.58 0.65999997 0.71 0.63 0.56 0.53 0.56 0.57 0.58 0.59 0.55 0.66999996 0.54545456 0.65999997 0.47 0.76 0.52
0.71 0.77 0.65 0.75 0.69 0.79999995 0.68 0.65999997 0.74 0.65 0.6888889 0.65 0.81 0.74 0.72999996 0.7 0.82 0.84 0.59 0.65999997 0.59999996 0.69 0.66999996 0.63 0.62 0.53999996 0.61 0.58 0.69 0.61 0.90999997 0.71999997 0.63 0.7 0.66999996 0.55 0.68 0.51 0.74 0.69 0.57 0.51 0.65 0.59999996 0.52 0.56 0.62 0.48999998 0.64 0.55 0.52 0.71999997 0.56 0.57 0.59 0.56 0.59999996 0.65 0.5 0.68 0.62 0.71999997 0.56 0.55 0.5 0.71999997 0.71999997 0.71999997 0.59 0.55 0.65 0.57 0.5 0.59999996 0.53999996 0.72727275 0.52 0.66999996 0.69 0.41
0.85999995 0.82 0.59999996 0.63 0.75 0.78 0.65 0.56 0.68 0.61 0.82222223 0.77 0.62 0.58 0.93 0.77 0.84999996 0.85999995 0.77 0.63 0.64 0.58 0.83 0.78999996 0.72999996 0.66999996 0.69 0.75 0.79999995 0.7 0.84 0.62 0.87 0.78999996 0.65999997 0.63 0.66999996 0.5 0.72999996 0.65 0.66999996 0.51 0.55 0.41 0.45999998 0.51 0.57 0.57 0.55 0.65 0.5 0.7 0.61 0.59999996 0.63 0.52 0.62 0.71999997 0.55 0.59 0.56 0.65 0.65 0.61 0.53 0.59999996 0.77 0.71999997 0.57 0.59999996 0.65999997 0.51 0.71999997 0.59999996 0.48 0.45454547 0.68 0.74 0.59 0.62
0.7 0.76 0.71 0.77 0.74 0.76 0.79999995 0.71 0.75 0.82 0.75555557 0.78 0.66999996 0.58 0.81 0.84 0.59999996 0.77 0.71999997 0.84999996 0.66999996 0.71999997 0.83 0.71999997 0.71 0.5 0.63 0.58 0.66999996 0.47 0.57 0.68 0.51 0.87 0.78 0.79999995 0.61 0.53 0.78 0.52 0.59 0.62 0.53999996 0.61 0.53999996 0.47 0.53999996 0.57 0.62 0.63 0.53999996 0.65 0.52 0.48999998 0.58 0.58 0.53 0.58 0.59999996 0.63 0.75 0.55 0.65999997 0.63 0.68 0.55 0.81 0.62 0.53 0.53999996 0.44 0.65 0.65 0.61 0.68 0.45454547 0.56 0.71 0.65999997 0.59999996
0.9 0.79999995 0.53999996 0.71 0.52 0.61 0.57 0.62 0.72999996 0.68 0.6 0.89 0.78999996 0.83 0.82 0.81 0.77 0.87 0.65999997 0.66999996 0.56 0.69 0.83 0.57 0.76 0.68 0.68 0.64 0.66999996 0.75 0.62 0.77 0.78999996 0.84 0.7 0.72999996 0.68 0.63 0.56 0.62 0.56 0.65999997 0.57 0.65999997 0.65 0.57 0.53999996 0.68 0.59 0.5 0.52 0.69 0.53999996 0.57 0.53 0.56 0.64 0.58 0.52 0.58 0.62 0.65999997 0.65999997 0.61 0.61 0.64 0.65999997 0.66999996 0.52 0.51 0.71 0.78 0.57 0.59 0.58 0.5909091 0.64 0.72999996 0.64 0.68
0.78 0.71 0.72999996 0.61 0.63 0.59 0.71 0.78 0.76 0.88 0.75555557 0.77 0.78999996 0.81 0.78999996 0.84999996 0.77 0.9 0.71999997 0.7 0.7 0.62 0.75 0.74 0.65999997 0.5 0.71999997 0.63 0.62 0.82 0.62 0.82 0.79999995 0.66999996 0.62 0.77 0.57 0.57 0.71999997 0.64 0.59999996 0.63 0.59999996 0.5 0.58 0.53 0.5 0.61 0.58 0.68 0.53999996 0.62 0.52 0.59 0.68 0.59 0.57 0.52 0.61 0.65 0.59 0.63 0.64 0.58 0.38 0.51 0.71999997 0.63 0.55 0.59999996 0.56 0.59 0.47 0.51 0.48999998 0.54545456 0.66999996 0.7 0.57 0.55
0.78999996 0.74 0.59 0.66999996 0.52 0.65 0.7 0.78 0.79999995 0.87 0.6888889 0.75 0.84999996 0.63 0.78 0.82 0.59999996 0.7 0.87 0.71999997 0.65 0.69 0.74 0.69 0.77 0.65 0.59999996 0.57 0.68 0.75 0.69 0.75 0.78 0.78999996 0.77 0.87 0.69 0.53 0.74 0.56 0.57 0.52 0.59999996 0.53 0.63 0.53 0.59 0.62 0.59999996 0.53999996 0.64 0.64 0.48 0.31 0.61 0.59 0.53999996 0.66999996 0.51 0.63 0.7 0.52 0.68 0.59999996 0.68 0.68 0.7 0.59999996 0.51 0.55 0.56 0.55 0.48 0.62 0.66999996 0.6818182 0.53 0.63 0.75 0.68
0.78999996 0.68 0.78 0.84 0.61 0.63 0.65999997 0.64 0.76 0.75 0.46666667 0.84 0.90999997 0.74 0.77 0.88 0.7 0.84999996 0.7 0.68 0.76 0.68 0.59999996 0.78 0.72999996 0.69 0.68 0.55 0.52 0.71999997 0.61 0.77 0.83 0.53 0.56 0.72999996 0.78999996 0.76 0.58 0.65999997 0.56 0.55 0.53999996 0.41 0.51 0.47 0.53999996 0.51 0.53999996 0.65 0.5 0.57 0.48 0.57 0.51 0.44 0.57 0.62 0.59999996 0.61 0.64 0.63 0.59999996 0.55 0.71999997 0.59999996 0.84 0.75 0.69 0.5 0.56 0.68 0.57 0.7 0.62 0.6363636 0.71999997 0.83 0.78999996 0.62
0.82 0.74 0.59999996 0.59999996 0.66999996 0.7 0.58 0.75 0.53999996 0.71999997 0.75555557 0.71 0.58 0.75 0.90999997 0.89 0.7 0.78999996 0.71 0.64 0.66999996 0.77 0.78 0.7 0.78 0.71 0.74 0.53999996 0.61 0.71999997 0.66999996 0.78999996 0.7 0.68 0.78 0.75 0.56 0.69 0.74 0.69 0.48 0.65 0.59999996 0.59 0.61 0.58 0.61 0.61 0.53999996 0.51 0.57 0.65999997 0.59 0.52 0.5 0.62 0.53999996 0.61 0.58 0.5 0.72999996 0.62 0.76 0.78 0.58 0.76 0.66999996 0.65999997 0.42 0.58 0.58 0.55 0.68 0.59999996 0.65 0.72727275 0.65 0.5 0.59999996 0.53
0.84 0.83 0.59999996 0.63 0.75 0.71 0.52 0.7 0.61 0.74 0.6666667 0.71999997 0.78 0.78999996 0.88 0.78999996 0.87 0.84 0.72999996 0.72999996 0.68 0.64 0.72999996 0.71999997 0.62 0.78 0.53 0.69 0.5 0.78999996 0.76 0.71 0.82 0.79999995 0.66999996 0.48 0.47 0.52 0.63 0.66999996 0.63 0.59999996 0.52 0.56 0.53999996 0.58 0.59999996 0.48 0.66999996 0.51 0.62 0.75 0.42999998 0.57 0.65 0.68 0.53999996 0.7 0.57 0.56 0.53 0.53999996 0.65999997 0.65999997 0.69 0.68 0.78999996 0.72999996 0.53999996 0.55 0.59999996 0.76 0.76 0.52 0.62 0.27272728 0.57 0.71999997 0.65999997 0.47
