0.89 0.90999997 0.87 0.87 0.82 0.90999997 0.84999996 0.93 0.84999996 0.94 0.93333334 0.87 0.83 0.79999995 0.91999996 0.94 0.89 0.89 0.9 0.90999997 0.91999996 0.9 0.95 0.95 0.87 0.88 0.84999996 0.89 0.93 0.90999997 0.87 0.97999996 0.91999996 0.90999997 0.90999997 0.87 0.76 0.78 0.63 0.66999996 0.71 0.51 0.62 0.56 0.5 0.57 0.53 0.65999997 0.62 0.48 0.61 0.65999997 0.61 0.65 0.68 0.69 0.71999997 0.78 0.76 0.65999997 0.84999996 0.77 0.75 0.65999997 0.72999996 0.77 0.76 0.7 0.61 0.61 0.7 0.71999997 0.63 0.66999996 0.61 0.54545456 0.58 0.69 0.7 0.69
0.96999997 0.91999996 0.89 0.85999995 0.84 0.95 0.91999996 0.9 0.9 0.84 0.93333334 0.90999997 0.84999996 0.84 0.90999997 0.93 0.96999997 0.93 0.93 0.93 0.96 0.9 0.97999996 0.96 0.96 0.83 0.91999996 0.84 0.87 0.89 0.95 0.94 0.96 0.93 0.97999996 0.9 0.83 0.79999995 0.75 0.76 0.65999997 0.52 0.64 0.48 0.45 0.53999996 0.52 0.61 0.68 0.56 0.56 0.55 0.59 0.64 0.68 0.71 0.66999996 0.79999995 0.82 0.77 0.72999996 0.82 0.77 0.82 0.71 0.76 0.78999996 0.78 0.65999997 0.65 0.81 0.77 0.72999996 0.63 0.61 0.72727275 0.65999997 0.57 0.69 0.71999997
0.85999995 0.87 0.88 0.90999997 0.87 0.94 0.90999997 0.88 0.93 0.93 0.8666667 0.89 0.84999996 0.81 0.9 0.96 0.9 0.93 0.89 0.83 0.95 0.93 0.93 0.96999997 0.93 0.85999995 0.9 0.77 0.88 0.93 0.93 0.96 0.96999997 0.89 0.87 0.87 0.78 0.71999997 0.64 0.76 0.77 0.57 0.64 0.53999996 0.5 0.59 0.59999996 0.62 0.59999996 0.48999998 0.59 0.56 0.64 0.65 0.68 0.65 0.65 0.71999997 0.79999995 0.71 0.69 0.74 0.71 0.78 0.74 0.7 0.81 0.78999996 0.78999996 0.68 0.75 0.72999996 0.7 0.63 0.65 0.7727273 0.71999997 0.74 0.72999996 0.77
0.64 0.47 0.48999998 0.48 0.39999998 0.51 0.53999996 0.45 0.44 0.53999996 0.46666667 0.55 0.5 0.56 0.59 0.66999996 0.65999997 0.78 0.79999995 0.75 0.81 0.84 0.83 0.79999995 0.72999996 0.65999997 0.77 0.71999997 0.78 0.77 0.82 0.91999996 0.90999997 0.9 0.89 0.89 0.76 0.72999996 0.71 0.62 0.66999996 0.42999998 0.64 0.52 0.45 0.48999998 0.59 0.57 0.62 0.45999998 0.65999997 0.59999996 0.61 0.59999996 0.65 0.71999997 0.69 0.77 0.79999995 0.71 0.75 0.72999996 0.7 0.72999996 0.84999996 0.75 0.74 0.75 0.66999996 0.68 0.71999997 0.7 0.61 0.59999996 0.59999996 0.6363636 0.7 0.72999996 0.7 0.75
0.88 0.90999997 0.88 0.91999996 0.83 0.95 0.89 0.84 0.91999996 0.91999996 0.93333334 0.89 0.81 0.89 0.89 0.94 0.87 0.91999996 0.88 0.91999996 0.98999995 0.90999997 0.94 0.91999996 0.9 0.88 0.91999996 0.84999996 0.88 0.96 0.91999996 0.96 0.96999997 0.91999996 0.89 0.88 0.82 0.75 0.61 0.72999996 0.74 0.45 0.65999997 0.65999997 0.51 0.52 0.53 0.58 0.59999996 0.5 0.65 0.53999996 0.52 0.59 0.69 0.64 0.63 0.78 0.78 0.71 0.74 0.76 0.78999996 0.66999996 0.78999996 0.74 0.85999995 0.83 0.68 0.65999997 0.78999996 0.71999997 0.79999995 0.7 0.66999996 0.45454547 0.66999996 0.76 0.83 0.64
0.94 0.84 0.89 0.87 0.71 0.89 0.74 0.91999996 0.84 0.75 0.9111111 0.77 0.78 0.78 0.79999995 0.91999996 0.84999996 0.88 0.91999996 0.90999997 0.96 0.94 0.94 0.93 0.89 0.89 0.95 0.88 0.96 0.89 0.88 0.93 0.94 0.90999997 0.9 0.88 0.79999995 0.79999995 0.77 0.71999997 0.74 0.65 0.65 0.65999997 0.53999996 0.7 0.52 0.66999996 0.65999997 0.52 0.53999996 0.59999996 0.52 0.65999997 0.61 0.65999997 0.65999997 0.78 0.84999996 0.74 0.75 0.75 0.83 0.79999995 0.77 0.74 0.71999997 0.87 0.69 0.71 0.78 0.72999996 0.72999996 0.74 0.72999996 0.7727273 0.76 0.77 0.75 0.79999995
0.9 0.93 0.87 0.9 0.89 0.93 0.91999996 0.87 0.94 0.91999996 0.9777778 0.88 0.91999996 0.89 0.90999997 0.97999996 0.93 0.96 0.9 0.9 0.94 0.9 0.90999997 0.95 0.91999996 0.90999997 0.94 0.87 0.94 0.91999996 0.95 0.95 0.96999997 0.93 0.90999997 0.84999996 0.75 0.77 0.76 0.75 0.77 0.58 0.65999997 0.52 0.58 0.61 0.62 0.65999997 0.57 0.48999998 0.61 0.48 0.62 0.59 0.59 0.62 0.71 0.71 0.76 0.53999996 0.71 0.63 0.71999997 0.66999996 0.77 0.69 0.78999996 0.71 0.64 0.71 0.69 0.71 0.66999996 0.7 0.74 0.5 0.72999996 0.71 0.75 0.71999997
0.88 0.93 0.9 0.81 0.88 0.93 0.85999995 0.90999997 0.89 0.90999997 0.93333334 0.89 0.72999996 0.83 0.84 0.90999997 0.90999997 0.84 0.85999995 0.90999997 0.9 0.90999997 0.91999996 0.95 0.95 0.84 0.9 0.79999995 0.85999995 0.90999997 0.90999997 0.91999996 0.91999996 0.94 0.87 0.85999995 0.79999995 0.71 0.66999996 0.65 0.71 0.52 0.63 0.53999996 0.57 0.58 0.52 0.62 0.59 0.44 0.59 0.51 0.56 0.66999996 0.64 0.71999997 0.66999996 0.63 0.71 0.65999997 0.65999997 0.71 0.52 0.71 0.79999995 0.78999996 0.79999995 0.78999996 0.71999997 0.78 0.77 0.74 0.66999996 0.71999997 0.66999996 0.6818182 0.64 0.74 0.72999996 0.74
0.94 0.90999997 0.9 0.84999996 0.84 0.90999997 0.84999996 0.95 0.93 0.85999995 0.93333334 0.89 0.82 0.82 0.94 0.88 0.88 0.81 0.87 0.95 0.96999997 0.90999997 0.96 0.94 0.95 0.89 0.89 0.88 0.95 0.94 0.87 0.96999997 0.96999997 0.90999997 0.93 0.83 0.85999995 0.79999995 0.71999997 0.7 0.69 0.62 0.66999996 0.59999996 0.5 0.56 0.48 0.58 0.51 0.44 0.59999996 0.53 0.53 0.68 0.68 0.62 0.7 0.68 0.68 0.74 0.74 0.63 0.74 0.75 0.83 0.78 0.7 0.81 0.71999997 0.59999996 0.68 0.7 0.76 0.74 0.68 0.5909091 0.64 0.77 0.74 0.74
0.93 0.89 0.9 0.85999995 0.87 0.9 0.82 0.96 0.91999996 0.83 0.9111111 0.90999997 0.81 0.87 0.88 0.96 0.90999997 0.91999996 0.88 0.93 0.97999996 0.94 0.98999995 0.95 0.91999996 0.87 0.96 0.85999995 0.87 0.91999996 0.95 0.96999997 0.96999997 0.89 0.94 0.84999996 0.75 0.78 0.7 0.71999997 0.65999997 0.65 0.65 0.62 0.42 0.53 0.51 0.59999996 0.53999996 0.56 0.53 0.47 0.58 0.62 0.63 0.65999997 0.61 0.66999996 0.79999995 0.68 0.77 0.65 0.75 0.72999996 0.74 0.77 0.68 0.74 0.68 0.61 0.75 0.61 0.71 0.77 0.63 0.6363636 0.68 0.7 0.71999997 0.71999997
