0.90999997 0.90999997 0.87 0.89 0.87 0.94 0.87 0.95 0.85999995 0.96 0.8888889 0.93 0.89 0.87 0.96 0.97999996 0.93 0.93 0.94 0.93 0.98999995 0.93 0.96999997 0.96 0.91999996 0.89 0.90999997 0.90999997 0.96 0.91999996 0.89 0.95 0.94 0.95 0.96999997 0.87 0.82 0.85999995 0.71 0.77 0.79999995 0.66999996 0.75 0.66999996 0.59999996 0.64 0.56 0.69 0.64 0.59999996 0.64 0.7 0.68 0.7 0.78999996 0.78999996 0.79999995 0.84 0.68 0.84999996 0.90999997 0.90999997 0.93 0.76 0.89 0.87 0.90999997 0.90999997 0.77 0.83 0.84999996 0.83 0.89 0.78 0.69 0.6818182 0.9 0.84 0.84999996 0.81
0.96 0.91999996 0.9 0.91999996 0.91999996 0.95 0.93 0.91999996 0.90999997 0.89 0.93333334 0.93 0.84999996 0.91999996 0.98999995 0.96 0.96 0.94 0.91999996 0.94 0.97999996 0.91999996 0.97999996 0.97999996 0.95 0.84999996 0.93 0.85999995 0.89 0.90999997 0.96999997 0.94 0.98999995 0.91999996 0.96 0.88 0.89 0.82 0.87 0.79999995 0.78 0.63 0.7 0.64 0.61 0.74 0.64 0.58 0.69 0.59 0.72999996 0.75 0.65999997 0.71999997 0.7 0.78 0.78999996 0.76 0.81 0.85999995 0.82 0.90999997 0.89 0.87 0.83 0.81 0.9 0.89 0.75 0.77 0.88 0.85999995 0.88 0.78 0.71 0.8181819 0.81 0.84 0.79999995 0.84999996
0.88 0.85999995 0.9 0.89 0.94 0.94 0.90999997 0.89 0.93 0.95 0.95555556 0.91999996 0.85999995 0.90999997 0.94 0.96999997 0.96 0.96999997 0.91999996 0.85999995 0.97999996 0.94 0.96 0.93 0.96999997 0.89 0.87 0.89 0.93 0.95 0.94 0.95 0.98999995 0.95 0.93 0.9 0.91999996 0.84 0.84 0.84 0.83 0.66999996 0.76 0.7 0.69 0.65999997 0.65 0.77 0.64 0.64 0.68 0.75 0.71999997 0.65999997 0.71 0.77 0.72999996 0.75 0.74 0.83 0.85999995 0.85999995 0.87 0.84999996 0.91999996 0.87 0.95 0.84999996 0.79999995 0.79999995 0.88 0.83 0.85999995 0.78999996 0.71999997 0.8636364 0.85999995 0.9 0.88 0.90999997
0.84999996 0.87 0.95 0.88 0.91999996 0.90999997 0.88 0.88 0.89 0.95 0.95555556 0.87 0.85999995 0.89 0.96 0.97999996 0.94 0.97999996 0.88 0.95 0.93 0.93 0.95 0.96999997 0.90999997 0.93 0.91999996 0.88 0.95 0.96 0.91999996 0.96999997 0.96999997 0.95 0.94 0.90999997 0.84 0.85999995 0.76 0.72999996 0.79999995 0.53999996 0.74 0.66999996 0.57 0.58 0.64 0.71999997 0.65999997 0.65999997 0.77 0.64 0.7 0.68 0.77 0.71 0.66999996 0.81 0.79999995 0.81 0.82 0.81 0.87 0.78 0.89 0.9 0.88 0.85999995 0.77 0.81 0.84999996 0.83 0.81 0.77 0.65999997 0.6818182 0.83 0.81 0.84 0.89
0.89 0.9 0.88 0.93 0.85999995 0.95 0.90999997 0.85999995 0.93 0.91999996 0.95555556 0.91999996 0.84999996 0.95 0.96999997 0.96999997 0.97999996 0.97999996 0.95 0.93 0.98999995 0.93 0.97999996 0.89 0.90999997 0.89 0.89 0.88 0.94 0.96999997 0.93 0.96999997 0.97999996 0.94 0.91999996 0.9 0.81 0.84999996 0.71999997 0.84 0.84999996 0.59 0.69 0.71999997 0.55 0.63 0.61 0.71 0.76 0.65 0.66999996 0.61 0.66999996 0.59999996 0.71 0.72999996 0.69 0.81 0.84 0.81 0.78999996 0.85999995 0.87 0.79999995 0.88 0.88 0.94 0.90999997 0.77 0.85999995 0.83 0.83 0.9 0.90999997 0.77 0.6363636 0.87 0.88 0.91999996 0.84
0.91999996 0.91999996 0.93 0.90999997 0.90999997 0.91999996 0.81 0.96 0.90999997 0.91999996 1.0 0.93 0.89 0.9 0.91999996 0.97999996 0.96 0.95 0.93 0.95 0.96999997 0.95 0.96 0.9 0.91999996 0.9 0.96 0.89 0.96999997 0.93 0.91999996 0.96 0.97999996 0.96 0.90999997 0.89 0.89 0.84999996 0.85999995 0.79999995 0.78999996 0.68 0.68 0.65 0.59999996 0.74 0.57 0.66999996 0.65999997 0.56 0.68 0.76 0.66999996 0.65 0.78 0.74 0.69 0.77 0.78999996 0.81 0.90999997 0.88 0.89 0.82 0.89 0.88 0.88 0.91999996 0.82 0.78 0.88 0.89 0.89 0.84999996 0.77 0.9545455 0.85999995 0.88 0.9 0.88
0.91999996 0.91999996 0.9 0.90999997 0.89 0.91999996 0.93 0.91999996 0.95 0.91999996 0.95555556 0.89 0.9 0.93 0.96 0.98999995 0.96999997 0.96999997 0.94 0.91999996 0.98999995 0.9 0.95 0.95 0.96 0.90999997 0.94 0.91999996 0.94 0.96 0.96 0.95 0.97999996 0.95 0.96 0.9 0.79999995 0.84 0.78 0.83 0.82 0.7 0.76 0.68 0.63 0.61 0.68 0.59 0.61 0.64 0.7 0.7 0.65 0.7 0.69 0.72999996 0.77 0.78999996 0.79999995 0.75 0.88 0.82 0.90999997 0.72999996 0.88 0.79999995 0.93 0.82 0.79999995 0.81 0.83 0.83 0.82 0.83 0.74 0.72727275 0.84999996 0.84 0.84 0.90999997
0.9 0.94 0.90999997 0.88 0.88 0.91999996 0.89 0.90999997 0.9 0.91999996 0.95555556 0.9 0.84999996 0.91999996 0.93 0.98999995 0.96 0.93 0.91999996 0.93 0.96 0.90999997 0.96999997 0.95 0.95 0.88 0.94 0.89 0.89 0.90999997 0.93 0.96999997 0.95 0.95 0.89 0.90999997 0.89 0.82 0.79999995 0.74 0.85999995 0.71999997 0.75 0.65999997 0.64 0.64 0.65999997 0.64 0.68 0.69 0.65 0.69 0.69 0.65 0.75 0.7 0.68 0.79999995 0.77 0.79999995 0.74 0.88 0.87 0.79999995 0.93 0.83 0.91999996 0.91999996 0.82 0.84999996 0.79999995 0.78999996 0.84 0.85999995 0.74 0.7727273 0.77 0.94 0.87 0.88
0.94 0.93 0.9 0.90999997 0.9 0.91999996 0.87 0.97999996 0.93 0.90999997 0.9777778 0.93 0.87 0.89 0.96999997 0.97999996 0.91999996 0.94 0.93 0.95 0.98999995 0.9 0.96999997 0.95 0.93 0.9 0.93 0.91999996 0.95 0.96999997 0.95 0.96999997 0.97999996 0.95 0.96 0.88 0.91999996 0.83 0.84 0.78999996 0.85999995 0.7 0.72999996 0.75 0.59 0.71 0.65 0.69 0.69 0.68 0.7 0.78999996 0.77 0.71999997 0.77 0.71 0.74 0.78 0.75 0.88 0.85999995 0.83 0.95 0.83 0.91999996 0.91999996 0.90999997 0.91999996 0.84 0.69 0.88 0.82 0.85999995 0.81 0.81 0.8181819 0.85999995 0.82 0.81 0.9
0.94 0.93 0.88 0.88 0.85999995 0.89 0.83 0.95 0.9 0.89 0.95555556 0.90999997 0.81 0.93 0.89 0.98999995 0.93 0.94 0.87 0.95 0.98999995 0.91999996 0.96999997 0.94 0.93 0.89 0.97999996 0.84999996 0.89 0.93 0.96999997 0.97999996 0.96 0.91999996 0.91999996 0.9 0.81 0.87 0.75 0.69 0.79999995 0.72999996 0.64 0.65 0.56 0.62 0.69 0.78999996 0.69 0.63 0.7 0.76 0.68 0.66999996 0.66999996 0.7 0.69 0.76 0.79999995 0.81 0.81 0.82 0.94 0.79999995 0.88 0.85999995 0.84999996 0.9 0.84 0.75 0.84 0.78999996 0.81 0.79999995 0.71999997 0.8181819 0.78999996 0.84 0.85999995 0.75
