0.89 0.84999996 0.84999996 0.88 0.85999995 0.95 0.88 0.95 0.95 0.94 0.95555556 0.91999996 0.94 0.91999996 0.95 0.97999996 0.91999996 0.95 0.93 0.85999995 0.84999996 0.84999996 0.89 0.82 0.7 0.77 0.84 0.84 0.84 0.79999995 0.78999996 0.84 0.83 0.85999995 0.78999996 0.68 0.74 0.64 0.65999997 0.56 0.62 0.59999996 0.51 0.63 0.57 0.65999997 0.58 0.59999996 0.68 0.51 0.45999998 0.71999997 0.66999996 0.64 0.72999996 0.65999997 0.65999997 0.72999996 0.65999997 0.78 0.81 0.83 0.82 0.65999997 0.83 0.83 0.78 0.85999995 0.59999996 0.65999997 0.78999996 0.78 0.81 0.71 0.77 0.5 0.79999995 0.68 0.78999996 0.7
0.96999997 0.93 0.85999995 0.91999996 0.87 0.9 0.90999997 0.94 0.89 0.85999995 1.0 0.89 0.91999996 0.96 0.90999997 0.96999997 0.84999996 0.84999996 0.77 0.83 0.79999995 0.76 0.91999996 0.88 0.79999995 0.74 0.81 0.71999997 0.87 0.77 0.84999996 0.82 0.87 0.74 0.93 0.68 0.71 0.62 0.74 0.78 0.69 0.74 0.65 0.53999996 0.52 0.51 0.58 0.59999996 0.57 0.55 0.62 0.69 0.68 0.59999996 0.65999997 0.68 0.57 0.58 0.59 0.69 0.82 0.79999995 0.81 0.81 0.84999996 0.69 0.79999995 0.78 0.68 0.75 0.71999997 0.72999996 0.75 0.65999997 0.66999996 0.6363636 0.72999996 0.65999997 0.72999996 0.79999995
0.9 0.84999996 0.84 0.87 0.84999996 0.94 0.94 0.95 0.95 0.90999997 0.9111111 0.95 0.84999996 0.88 0.89 0.96999997 0.93 0.91999996 0.88 0.83 0.91999996 0.88 0.91999996 0.9 0.85999995 0.83 0.72999996 0.76 0.87 0.78999996 0.74 0.87 0.83 0.78999996 0.63 0.72999996 0.78 0.66999996 0.65999997 0.71999997 0.71 0.66999996 0.62 0.57 0.45999998 0.61 0.63 0.57 0.66999996 0.75 0.76 0.66999996 0.65999997 0.68 0.68 0.69 0.58 0.66999996 0.53 0.77 0.69 0.71999997 0.71999997 0.71 0.75 0.76 0.79999995 0.7 0.64 0.53999996 0.74 0.78999996 0.66999996 0.65999997 0.7 0.7727273 0.71999997 0.71 0.65999997 0.77
0.88 0.93 0.9 0.90999997 0.87 0.90999997 0.82 0.9 0.95 0.95 0.9111111 0.84999996 0.87 0.93 0.96 0.96999997 0.88 0.90999997 0.84 0.71999997 0.81 0.84 0.85999995 0.84 0.84999996 0.82 0.87 0.75 0.84999996 0.84 0.90999997 0.83 0.84999996 0.81 0.82 0.84 0.68 0.82 0.71999997 0.74 0.61 0.63 0.63 0.66999996 0.57 0.61 0.57 0.68 0.57 0.63 0.57 0.75 0.63 0.57 0.75 0.63 0.62 0.64 0.68 0.71999997 0.81 0.65999997 0.83 0.58 0.7 0.71999997 0.75 0.78999996 0.69 0.69 0.81 0.69 0.64 0.65999997 0.68 0.5909091 0.71999997 0.72999996 0.71999997 0.66999996
0.84 0.84999996 0.85999995 0.93 0.87 0.96999997 0.85999995 0.76 0.96999997 0.95 0.8666667 0.93 0.91999996 0.95 0.95 0.96 0.93 0.93 0.84 0.88 0.90999997 0.71999997 0.88 0.81 0.77 0.68 0.74 0.75 0.65999997 0.81 0.77 0.84 0.84999996 0.84 0.87 0.84 0.65 0.74 0.69 0.68 0.74 0.63 0.71 0.65 0.57 0.57 0.58 0.61 0.66999996 0.61 0.44 0.7 0.58 0.53 0.63 0.65999997 0.62 0.61 0.68 0.59999996 0.65 0.71 0.71 0.76 0.74 0.7 0.74 0.77 0.64 0.64 0.62 0.65999997 0.78 0.74 0.71999997 0.6818182 0.74 0.75 0.78999996 0.69
0.91999996 0.95 0.88 0.89 0.81 0.84 0.84 0.85999995 0.91999996 0.94 0.9777778 0.90999997 0.89 0.85999995 0.93 0.93 0.90999997 0.91999996 0.88 0.82 0.81 0.89 0.90999997 0.81 0.82 0.78 0.76 0.72999996 0.9 0.83 0.84999996 0.88 0.91999996 0.85999995 0.81 0.82 0.71 0.74 0.66999996 0.7 0.74 0.63 0.55 0.57 0.61 0.58 0.62 0.66999996 0.58 0.57 0.58 0.71 0.76 0.59999996 0.52 0.65999997 0.66999996 0.68 0.81 0.74 0.79999995 0.81 0.84999996 0.66999996 0.76 0.72999996 0.81 0.76 0.66999996 0.66999996 0.68 0.64 0.71 0.77 0.61 0.5 0.7 0.83 0.88 0.72999996
0.94 0.88 0.89 0.84 0.91999996 0.93 0.93 0.88 0.91999996 0.84999996 0.84444445 0.89 0.95 0.9 0.97999996 0.94 0.88 0.95 0.89 0.84 0.78 0.76 0.78999996 0.84999996 0.82 0.78 0.9 0.72999996 0.84999996 0.84 0.78999996 0.79999995 0.85999995 0.85999995 0.82 0.77 0.66999996 0.66999996 0.77 0.75 0.82 0.68 0.69 0.63 0.53999996 0.63 0.69 0.69 0.61 0.48 0.61 0.62 0.59999996 0.62 0.65999997 0.65 0.69 0.76 0.74 0.77 0.62 0.71999997 0.76 0.64 0.78 0.77 0.79999995 0.76 0.72999996 0.78 0.75 0.72999996 0.75 0.68 0.64 0.6363636 0.71 0.77 0.71999997 0.65999997
0.91999996 0.94 0.78 0.93 0.84 0.94 0.89 0.96 0.95 0.91999996 0.9111111 0.90999997 0.90999997 0.94 0.95 0.87 0.94 0.91999996 0.79999995 0.88 0.91999996 0.84999996 0.88 0.83 0.79999995 0.72999996 0.68 0.77 0.74 0.78 0.72999996 0.76 0.87 0.84 0.76 0.88 0.77 0.65 0.78999996 0.61 0.63 0.68 0.65 0.53999996 0.61 0.7 0.59999996 0.69 0.7 0.64 0.59 0.61 0.53999996 0.53 0.71999997 0.63 0.74 0.71999997 0.61 0.68 0.71 0.82 0.65999997 0.71 0.82 0.68 0.72999996 0.83 0.76 0.59 0.64 0.75 0.68 0.71 0.65 0.6363636 0.71999997 0.71999997 0.74 0.76
0.94 0.93 0.84999996 0.89 0.83 0.85999995 0.84 0.85999995 0.82 0.87 0.7777778 0.82 0.82 0.88 0.96999997 0.95 0.79999995 0.85999995 0.82 0.78999996 0.76 0.82 0.85999995 0.88 0.78999996 0.75 0.7 0.71999997 0.77 0.84999996 0.84999996 0.90999997 0.84999996 0.84 0.85999995 0.66999996 0.65999997 0.71999997 0.76 0.75 0.69 0.59999996 0.58 0.63 0.45999998 0.65 0.52 0.71 0.63 0.53999996 0.64 0.69 0.64 0.63 0.77 0.58 0.58 0.68 0.7 0.78 0.64 0.74 0.65 0.62 0.78 0.77 0.78999996 0.71999997 0.76 0.59999996 0.66999996 0.65999997 0.59999996 0.76 0.68 0.6363636 0.81 0.79999995 0.79999995 0.74
0.94 0.85999995 0.89 0.91999996 0.89 0.94 0.83 0.95 0.94 0.83 0.9111111 0.82 0.91999996 0.9 0.96 0.96999997 0.88 0.88 0.84999996 0.78 0.79999995 0.79999995 0.85999995 0.77 0.78999996 0.77 0.78999996 0.76 0.85999995 0.81 0.88 0.83 0.94 0.79999995 0.87 0.85999995 0.76 0.75 0.65999997 0.64 0.71 0.65 0.52 0.65 0.44 0.53999996 0.51 0.45999998 0.65999997 0.59999996 0.56 0.64 0.7 0.63 0.72999996 0.63 0.62 0.66999996 0.56 0.76 0.74 0.78999996 0.83 0.57 0.65999997 0.65999997 0.77 0.68 0.66999996 0.57 0.71999997 0.71 0.65999997 0.66999996 0.63 0.6818182 0.72999996 0.68 0.77 0.68
