0.88 0.78 0.74 0.84999996 0.76 0.77 0.83 0.76 0.84 0.81 0.7111111 0.89 0.66999996 0.77 0.93 0.9 0.84 0.91999996 0.88 0.78 0.74 0.81 0.90999997 0.74 0.84999996 0.78999996 0.71 0.81 0.82 0.87 0.88 0.88 0.78 0.81 0.83 0.83 0.78999996 0.82 0.7 0.75 0.71 0.56 0.65999997 0.59999996 0.58 0.62 0.53 0.65999997 0.65999997 0.61 0.71999997 0.74 0.64 0.69 0.72999996 0.63 0.66999996 0.75 0.69 0.84 0.82 0.84 0.84 0.68 0.87 0.77 0.76 0.89 0.62 0.77 0.74 0.78999996 0.79999995 0.81 0.75 0.5909091 0.82 0.83 0.81 0.75
0.88 0.85999995 0.78 0.72999996 0.82 0.75 0.63 0.84999996 0.77 0.78 0.75555557 0.74 0.71 0.83 0.82 0.82 0.78999996 0.89 0.87 0.81 0.71999997 0.81 0.78 0.79999995 0.74 0.69 0.83 0.75 0.82 0.69 0.71999997 0.82 0.94 0.88 0.85999995 0.71999997 0.81 0.79999995 0.84999996 0.71 0.66999996 0.78999996 0.58 0.59 0.59 0.5 0.53999996 0.64 0.65 0.57 0.58 0.66999996 0.65999997 0.65999997 0.66999996 0.71 0.69 0.68 0.68 0.78999996 0.87 0.79999995 0.88 0.72999996 0.79999995 0.75 0.82 0.79999995 0.71999997 0.74 0.78 0.77 0.75 0.75 0.69 0.5909091 0.71 0.72999996 0.85999995 0.81
0.89 0.79999995 0.81 0.79999995 0.89 0.71999997 0.82 0.81 0.7 0.77 0.8666667 0.78999996 0.75 0.78 0.93 0.95 0.9 0.84999996 0.82 0.77 0.81 0.79999995 0.91999996 0.87 0.90999997 0.82 0.76 0.76 0.90999997 0.81 0.72999996 0.89 0.9 0.84999996 0.84999996 0.84999996 0.87 0.76 0.84 0.78 0.77 0.75 0.71999997 0.7 0.5 0.62 0.64 0.59999996 0.65999997 0.76 0.78 0.71999997 0.74 0.7 0.72999996 0.72999996 0.59999996 0.65 0.71999997 0.74 0.78 0.84999996 0.84 0.62 0.78999996 0.69 0.9 0.66999996 0.59 0.71999997 0.76 0.71999997 0.78999996 0.74 0.82 0.8636364 0.76 0.84999996 0.78 0.9
0.84999996 0.90999997 0.71999997 0.64 0.74 0.77 0.72999996 0.71 0.76 0.90999997 0.5777778 0.78999996 0.84999996 0.88 0.79999995 0.96 0.76 0.93 0.78 0.76 0.78999996 0.77 0.88 0.83 0.71999997 0.78 0.68 0.69 0.81 0.75 0.85999995 0.75 0.88 0.88 0.84999996 0.84999996 0.78 0.85999995 0.74 0.75 0.74 0.74 0.59 0.74 0.61 0.62 0.57 0.57 0.62 0.7 0.58 0.7 0.7 0.64 0.75 0.59999996 0.59 0.59999996 0.75 0.74 0.78999996 0.7 0.72999996 0.62 0.65 0.78999996 0.85999995 0.79999995 0.74 0.71999997 0.78 0.77 0.75 0.72999996 0.68 0.5 0.7 0.77 0.77 0.75
0.77 0.81 0.82 0.93 0.72999996 0.76 0.62 0.71 0.84 0.87 0.84444445 0.79999995 0.83 0.87 0.94 0.85999995 0.90999997 0.94 0.78 0.7 0.81 0.78 0.78999996 0.78 0.81 0.74 0.68 0.64 0.74 0.74 0.76 0.74 0.90999997 0.88 0.89 0.74 0.78 0.7 0.81 0.76 0.78 0.66999996 0.69 0.74 0.53999996 0.64 0.59 0.65999997 0.64 0.56 0.59999996 0.59 0.65 0.61 0.71 0.68 0.64 0.7 0.68 0.72999996 0.74 0.71 0.72999996 0.65999997 0.78999996 0.76 0.78999996 0.79999995 0.65 0.63 0.7 0.65 0.74 0.66999996 0.75 0.6363636 0.79999995 0.83 0.81 0.71999997
0.9 0.84 0.83 0.81 0.82 0.75 0.78 0.81 0.77 0.84 0.6 0.7 0.7 0.78 0.90999997 0.87 0.83 0.93 0.85999995 0.85999995 0.83 0.85999995 0.83 0.81 0.78 0.69 0.76 0.66999996 0.78999996 0.83 0.84999996 0.88 0.89 0.85999995 0.9 0.82 0.78999996 0.76 0.81 0.71999997 0.68 0.69 0.59 0.61 0.61 0.65 0.65 0.76 0.57 0.57 0.53999996 0.72999996 0.78 0.66999996 0.53 0.63 0.63 0.71999997 0.66999996 0.65999997 0.79999995 0.78999996 0.87 0.78999996 0.75 0.7 0.84 0.82 0.78 0.71 0.7 0.76 0.78 0.74 0.78999996 0.5909091 0.84999996 0.79999995 0.83 0.79999995
0.94 0.81 0.78999996 0.78 0.79999995 0.78 0.76 0.78 0.72999996 0.74 0.73333335 0.82 0.7 0.79999995 0.91999996 0.85999995 0.93 0.91999996 0.75 0.74 0.77 0.72999996 0.89 0.83 0.87 0.71 0.71999997 0.66999996 0.79999995 0.9 0.81 0.83 0.88 0.88 0.84999996 0.83 0.78999996 0.68 0.84999996 0.78 0.74 0.62 0.68 0.63 0.59 0.66999996 0.71 0.65 0.65999997 0.65999997 0.62 0.66999996 0.65 0.63 0.74 0.65 0.72999996 0.66999996 0.7 0.74 0.81 0.78 0.9 0.66999996 0.74 0.84 0.9 0.78999996 0.66999996 0.76 0.76 0.89 0.84999996 0.65 0.64 0.72727275 0.74 0.81 0.84999996 0.85999995
0.94 0.90999997 0.72999996 0.78999996 0.58 0.64 0.63 0.65 0.83 0.87 0.64444447 0.84 0.82 0.85999995 0.87 0.93 0.88 0.87 0.65999997 0.68 0.83 0.62 0.81 0.87 0.78 0.78 0.71 0.7 0.61 0.77 0.84999996 0.77 0.89 0.87 0.84999996 0.81 0.83 0.77 0.84 0.78 0.78 0.66999996 0.76 0.64 0.5 0.62 0.63 0.56 0.68 0.74 0.65 0.71999997 0.62 0.55 0.71999997 0.61 0.61 0.75 0.66999996 0.84 0.68 0.85999995 0.79999995 0.74 0.88 0.84 0.85999995 0.90999997 0.77 0.66999996 0.63 0.76 0.71 0.71999997 0.71 0.6818182 0.66999996 0.82 0.77 0.83
0.9 0.84 0.75 0.77 0.74 0.61 0.79999995 0.66999996 0.71 0.69 0.73333335 0.77 0.82 0.74 0.84999996 0.91999996 0.84 0.87 0.87 0.76 0.76 0.81 0.83 0.78 0.82 0.77 0.71 0.75 0.78999996 0.83 0.82 0.78 0.72999996 0.83 0.84 0.84 0.84 0.76 0.78999996 0.71999997 0.62 0.61 0.59 0.57 0.52 0.71999997 0.58 0.59999996 0.58 0.72999996 0.62 0.65999997 0.63 0.62 0.61 0.63 0.64 0.56 0.65999997 0.75 0.81 0.84999996 0.78 0.71999997 0.77 0.72999996 0.9 0.82 0.78 0.72999996 0.75 0.78999996 0.77 0.78 0.81 0.6363636 0.84 0.78 0.79999995 0.85999995
0.90999997 0.78999996 0.74 0.84999996 0.84 0.82 0.65 0.83 0.85999995 0.84 0.7777778 0.71999997 0.84 0.82 0.85999995 0.85999995 0.81 0.94 0.77 0.76 0.74 0.84999996 0.85999995 0.78999996 0.79999995 0.84 0.89 0.74 0.91999996 0.77 0.89 0.78 0.85999995 0.87 0.84 0.88 0.72999996 0.78999996 0.68 0.71999997 0.71999997 0.71999997 0.65999997 0.53 0.57 0.48999998 0.53 0.45999998 0.51 0.59 0.68 0.77 0.71 0.61 0.7 0.57 0.58 0.69 0.57 0.71 0.77 0.78999996 0.85999995 0.65 0.75 0.66999996 0.82 0.76 0.68 0.63 0.71 0.68 0.74 0.74 0.59 0.5909091 0.81 0.72999996 0.74 0.76
